	0
0	0.186048136947067
1	0.1467792412300346
2	0.2187083577522011
3	0.5695126046657188
4	0.43248662891235123
5	0.4744623677618758
6	0.39808787363943177
7	0.18627745356496783
8	0.3132158694553566
9	0.4479853065249
10	0.42729841065051133
11	0.308094813081377
12	0.39852008776343784
13	0.27437742185476255
14	0.3167848115938019
15	0.3878465067691228
16	0.36747685617907755
17	0.4201880015629733
18	0.31173402797723027
19	0.435018652642831
20	0.4322842066753827
21	0.14441384364383958
22	0.43086498451231914
23	0.43618524279789783
24	0.29846124268459495
25	0.4868098062333963
26	0.4750838342432049
27	0.34947535395288365
28	0.3622030566264369
29	0.4212595305760567
30	0.43708900981091214
31	0.42428132529701035
32	0.357305421884353
33	0.09090332533529222
34	0.45672005635826274
35	0.4755217893104524
36	0.5540449005065489
37	0.42212646450224356
38	0.27555392142543034
39	0.4117739071582742
40	0.3517095104087937
41	0.10683902723990713
42	0.21036226209225584
43	0.5373357568189994
44	0.49682872163522296
45	0.30668650146794874
46	0.31830159636658006
47	0.4117122356115295
48	0.03350839596996069
49	0.1026824357136209
50	0.14723944693653324
51	0.5109575059858993
52	0.13096585847656628
53	0.34544589915738655
54	0.2865125879947088
55	0.4037091584082382
56	0.5347506167475018
57	0.11374327677455986
58	0.3133497422347362
59	0.23370226083322376
60	0.22701343998839896
61	0.12439309209577076
62	0.17817564699890198
63	0.47874378228431325
64	0.21393955045808521
65	0.14188293570599697
66	0.18104307010650822
67	0.5814559262059755
68	0.405504949774772
69	0.21193634771678727
70	0.41250281744509554
71	0.41052993448619035
72	0.30840056003248817
73	0.3986774193791145
74	0.23008849365845974
75	0.19288524710831578
76	0.024088737519263992
77	0.4039897735890232
78	0.5217500538313986
79	0.46430058120360695
80	0.4153314922032876
81	0.3247530549815587
82	0.16568808795762813
83	0.43111443593591137
84	0.45758982766309786
85	0.08795235965825166
86	0.28978092942031597
87	0.341985606039084
88	0.31573952833018737
89	0.5065939080909521
90	0.4629058945742761
91	0.3500326921419106
92	0.38021929590507075
93	0.08401895257228942
94	0.48068616530807495
95	0.4760488283778146
96	0.2754301910370536
97	0.42961232524467197
98	0.09149070083968591
99	0.4763947635077297
100	0.40052103602535083
101	0.23703680571547414
102	0.6581605370265119
103	0.6023171930114553
104	0.4958097032087627
105	0.5052532769945937
106	0.3031243511535511
107	0.0
108	0.3589125976616576
109	0.07330071511354541
110	0.0647993158963982
111	0.09532155643818441
112	0.3285466409490496
113	0.08688421514823541
114	0.19862655700171006
115	0.12096797089742983
116	0.1226783719921356
117	0.42091408651797413
118	0.2941217007257044
119	0.4223426566556965
120	0.13753598760314212
121	0.19785601213719728
122	0.23758520596220611
123	0.23701520813802368
124	0.49352206515683883
125	0.20004512153032739
126	0.0968479592100806
127	0.078810362137673
128	0.1574697857661882
129	0.2613314122098831
130	0.3352102507765178
131	0.4595823941498991
132	0.3771082151130718
133	0.3804947477877574
134	0.4233533304364916
135	0.2577215295817503
136	0.1556611100955907
137	0.15248086436308328
138	0.46272325127326
139	0.2756455037912091
140	0.4076793635566991
141	0.49683601013141776
142	0.40104033102018244
143	0.3492177037340305
144	0.16135129183256813
145	0.38002007406364613
146	0.3044461284469917
147	0.13246317712410915
148	0.42659276584346095
149	0.14888264022078723
150	0.31299401313921127
151	0.3255591279763346
152	0.2125177227687518
153	0.19040079701239132
154	0.36968347712078775
155	0.4875020325176347
156	0.4712455461888003
157	0.4015437950459406
158	0.1199523379798002
159	0.37292260341069006
160	0.17571807884275392
161	0.2904121765809442
162	0.07329860751650119
163	0.48018602181143755
164	0.24751976174128965
165	0.2563730099012276
166	0.2531187579812857
167	0.19018132471200033
168	0.3539059744367199
169	0.4258641414902633
170	0.6160742503757182
171	0.1783762529511681
172	0.39327439593593216
173	0.246354260620409
174	0.45415410289033575
175	0.3543533401894474
176	0.5706570841388181
177	0.33759704624041253
178	0.037731994754293785
179	0.16551983044143848
180	0.49601044723240295
181	0.06623304649524431
182	0.24054546245033825
183	0.15635422473797123
184	0.0789042022435642
185	0.20698435349539634
186	0.4195722688311241
187	0.4030701854893888
188	0.5152573954574737
189	0.27911806675432915
190	0.38990745553124717
191	0.4218699125174008
192	0.07937334391146544
193	0.29832425273704843
194	0.3632802863269202
195	0.37462397557046256
196	0.5085555191878244
197	0.26841049765626734
198	0.2675047246664424
199	0.0989832428530355
200	0.26711740855819177
201	0.32189521926092723
202	0.18253645489117942
203	0.39696367577973835
204	0.3050057127390797
205	0.22092539043870052
206	0.3180936646355714
207	0.4053083383953686
208	0.1995665839209697
209	0.35471585996269006
210	0.3563717140351572
211	0.17023372401700576
212	0.06507066023419794
213	0.46657232065502785
214	0.385783307763099
215	0.43020380528256563
216	0.2772742383601552
217	0.4926935109735282
218	0.4159878915843849
219	0.4246848770239895
220	0.2238063276286324
221	0.38172337444054705
222	0.306357236168159
223	0.46694530767568976
224	0.1297174185631098
225	0.16910519193068074
226	0.0823019108236025
227	0.36750115679324113
228	0.4426129578293141
229	0.34335999709806475
230	0.45684687226711085
231	0.5095421192331719
232	0.41834089679793807
233	0.26773429381191494
234	0.36742840225989104
235	0.5909981818823427
236	0.5328563428742952
237	0.3340321378235793
238	0.20967915129039305
239	0.33560704347619663
240	0.11279872922104905
241	0.17848774791893107
242	0.5540244943787991
243	0.09658436453271269
244	0.50941389732752
245	0.4145826034368356
246	0.19601489425558505
247	0.5603400173437922
248	0.02632919155974367
249	0.25113818009494304
250	0.35481123380036395
251	0.35224923949907905
252	0.3889944957289726
253	0.25299767084055436
254	0.392583184953349
255	0.4885362690601438
256	0.17319359032214177
257	0.5201695133932738
258	0.32551973693389646
259	0.4325903977063117
260	0.22710657180281157
261	0.44034767409189746
262	0.46020305119780636
263	0.09234201822135368
264	0.5026829371506003
265	0.46365130399474985
266	0.4893309068562859
267	0.2064148573740925
268	0.27853391124346105
269	0.4419198006219882
270	0.02480529351685834
271	0.3643244092924045
272	0.1607742826568841
273	0.33318532716691296
274	0.24705291184474998
275	0.2677348615111914
276	0.33893922275442123
277	0.23406103679289858
278	0.3267739901858071
279	0.26589102105074036
280	0.12368263649323352
281	0.37420685993545866
282	0.2348372088893822
283	0.028826808871259324
284	0.2789005508332323
285	0.1070279056445338
286	0.35841522241185975
287	0.14012274570719407
288	0.206854617911727
289	0.34177400745456277
290	0.48054158525311896
291	0.374275245193471
292	0.3546194575692796
293	0.5282975437923887
294	0.23303959847222178
295	0.15275711336055853
296	0.2370167426632943
297	0.5489016704758873
298	0.3070854381765178
299	0.14290551256644446
300	0.3458770794505137
301	0.28046715136654576
302	0.5230133949888631
303	0.5226184643059952
304	0.42634437029515726
305	0.24541000917513967
306	0.078978241602494
307	0.4507204058693737
308	0.0620440217365994
309	0.0
310	0.07957670002877126
311	0.042536209526862434
312	0.03440095453656977
313	0.03396218795856276
314	0.04816721640409782
315	0.358415291480604
316	0.4179035129236488
317	0.4834401671695743
318	0.4521275999453229
319	0.5335850931358859
320	0.33817341957643565
321	0.16065500185342652
322	0.6302921630202256
323	0.4713787810322889
324	0.417752225471415
325	0.2660896945723905
326	0.1747961772896327
327	0.09883423574200334
328	0.15419682491048636
329	0.08372033344921048
330	0.17138587030759123
331	0.16639386558388614
332	0.3606460951058803
333	0.3243471398049125
334	0.5502608723375391
335	0.36472296370002577
336	0.43676852940101396
337	0.49686405521975496
338	0.22450140784974004
339	0.1708918644578934
340	0.09099680242988617
341	0.05766324448053517
342	0.4543105118221076
343	0.031743942069430986
344	0.45723259666075333
345	0.5481979870794518
346	0.25037503099287384
347	0.14556803065058688
348	0.20701769278236792
349	0.09579836514284135
350	0.38513483260880754
351	0.1438011758884894
352	0.4135142943281829
353	0.46326619002191305
354	0.3420805875148929
355	0.5018285020420277
356	0.2735739434027431
357	0.1200903354791154
358	0.4096666553590391
359	0.10360748748086501
360	0.15195618034747072
361	0.33765543802159037
362	0.5009882267849093
363	0.46455839165720314
364	0.3529123534458418
365	0.5924140676731846
366	0.4108147014470349
367	0.0682385944237105
368	0.4607985814583011
369	0.2911487225652667
370	0.3192233867198502
371	0.357880039098438
372	0.14878490725917914
373	0.4103254794761799
374	0.29286309022596213
375	0.2557608502802027
376	0.40345901152272234
377	0.13205146435811344
378	0.20718183804115275
379	0.32562726806619624
380	0.347651845717166
381	0.2752278083899897
382	0.37539860270176817
383	0.48178900316747564
384	0.3820932457332187
385	0.3788761992856313
386	0.3518620917630486
387	0.404111904627267
388	0.4471513661061064
389	0.07638366777766015
390	0.5008464983222463
391	0.2004658407573623
392	0.3245966118062569
393	0.3838999744679923
394	0.10909354136150973
395	0.11121740202967434
396	0.33071736577857
397	0.2419128459518083
398	0.24716559277215056
399	0.05981421919034102
400	0.08929442604396542
401	0.2455957796239827
402	0.479665527262201
403	0.06397500214859253
404	0.3133962192288837
405	0.22752625472481713
406	0.4045327203475553
407	0.40953435773718505
408	0.5505701668177472
409	0.38365647150191995
410	0.1541751554830899
411	0.29605633598448144
412	0.315415788453288
413	0.4365006815755146
414	0.27348749831875807
415	0.30539196284147985
416	0.10697568992776119
417	0.13570093537396688
418	0.2716293218642938
419	0.3326941589496826
420	0.5704885328228242
421	0.4247261974223311
422	0.4394311501435171
423	0.592279370690395
424	0.19065825089041843
425	0.3116135727127478
426	0.32613466444621175
427	0.431222118622993
428	0.11739993516213287
429	0.4566365297863584
430	0.301236948897315
431	0.25655423581378933
432	0.4743775448024736
433	0.41999297727873897
434	0.10919665554690239
435	0.2237791143307759
436	0.08820876767982644
437	0.12345583425600681
438	0.2818133746270439
439	0.19087258749038205
440	0.11775501322667936
441	0.32685042998490355
442	0.4316144609416679
443	0.4274104762417177
444	0.09717869553471314
445	0.057168371821857855
446	0.4077127477117528
447	0.12436177516813118
448	0.1813720864489199
449	0.1710278532884737
450	0.17607266252534126
451	0.3689135243757
452	0.3175089488009277
453	0.40062635507356115
454	0.3504093362930827
455	0.1101717824630688
456	0.02601036481686614
457	0.43544252227706837
458	0.254754402406435
459	0.16857032985410592
460	0.30215023090182025
461	0.48553951128655015
462	0.1864756082770762
463	0.2864900420500509
464	0.31677721896730815
465	0.4839279668619332
466	0.4487172422200225
467	0.47636974828829537
468	0.28323757420518514
469	0.22195119582532596
470	0.4559508131961256
471	0.21831196373564232
472	0.47129376830500447
473	0.6198600143652259
474	0.16959619875585585
475	0.33717294248053875
476	0.14462350644079702
477	0.4558005995211485
478	0.47772884478770994
479	0.2204927469582625
480	0.5244686009956652
481	0.07957822545378912
482	0.34594152291651725
483	0.2271868039987135
484	0.5266957892244661
485	0.21349412898696163
486	0.3485933634722145
487	0.22810015266614792
488	0.0
489	0.10779990838238263
490	0.10378662956725626
491	0.11890380097361719
492	0.22140356931808824
493	0.20976942013730548
494	0.23718020807433016
495	0.31816494554163777
496	0.06230794557647257
497	0.11066495327338322
498	0.0894843480067764
499	0.09613396484552972
500	0.1665264308551333
501	0.10034964295826643
502	0.3043725856322599
503	0.1867060830858407
504	0.008568697007551362
505	0.14758311662786294
506	0.4767703134598591
507	0.3344961186447215
508	0.14457370817079074
509	0.2383089644256413
510	0.13074383490681663
511	0.0
512	0.15129934209128493
513	0.05698865915341189
514	0.04897658997501231
515	0.09591990323906296
516	0.12846948623619303
517	0.11848719217603154
518	0.21034246071542118
519	0.415408094792576
520	0.42224146619969605
521	0.04199336212897764
522	0.19188981627123303
523	0.130818983300784
524	0.03693231716291834
525	0.269623464870675
526	0.0882283156424124
527	0.09006328124011853
528	0.1891304768257096
529	0.15575278102297485
530	0.13799575276286902
531	0.14512468619379937
532	0.1836942058454134
533	0.5552069417982535
534	0.0156759236603774
535	0.09965492590190839
536	0.08848510877895199
537	0.1455755425404841
538	0.3538349360562929
539	0.48327380723964586
540	0.0
541	0.44233420647534594
542	0.03857251000187101
543	0.44922446119090087
544	0.027592801367657183
545	0.13803026660780304
546	0.02511210078495618
547	0.37915535639685394
548	0.11870976281689716
549	0.2775745151447795
550	0.04218971992027187
551	0.21124794409535297
552	0.15519110034631067
553	0.04637869432714048
554	0.21387528020007474
555	0.3203506162903982
556	0.18624494811034809
557	0.03373370687565158
558	0.13125738572844425
559	0.4824403905844161
560	0.35476088161171293
561	0.18752812609216507
562	0.04375792206186646
563	0.05364758343509779
564	0.02629943931480172
565	0.45655048128332876
566	0.3413106048636654
567	0.20681546727645816
568	0.031860386806128904
569	0.35765483477133997
570	0.11419679291590179
571	0.13906687323357603
572	0.2007507582326058
573	0.06224766960601902
574	0.0
575	0.24920472302709662
576	0.18509717407696957
577	0.20511711529706833
578	0.29493691932852184
579	0.0
580	0.22717998582754007
581	0.11505103581956266
582	0.014362325795409747
583	0.22805947827820905
584	0.21977069184198172
585	0.2955836110190153
586	0.31160429963928826
587	0.0029717473162231833
588	0.12131874906889628
589	0.1523885645629519
590	0.19556722809291904
591	0.019912331345415257
592	0.18270593459415596
593	0.10683490192437817
594	0.021894681852523634
595	0.16218729375528995
596	0.33043860503032985
597	0.2373438361978064
598	0.08346924423772428
599	0.0017673408391067902
600	0.03893364055659809
601	0.20884364171636505
602	0.38543358639532554
603	0.30159885148847354
604	0.20189502980123852
605	0.3619022505102787
606	0.11751667978009239
607	0.2688956580315245
608	0.3818833428104669
609	0.08134515088704442
610	0.37171363334202856
611	0.139266050588424
612	0.4691872782755615
613	0.15033553858824256
614	0.0
615	0.020228312832282658
616	0.004881054605277546
617	0.39351694381228364
618	0.05364537045820117
619	0.03194901126184191
620	0.0
621	0.21115822311350807
622	0.11948080085059365
623	0.32932576365598676
624	0.3663644991937194
625	0.26907008571033963
626	0.2641534342149163
627	0.0
628	0.08471033352437884
629	0.13066466049136394
630	0.030163569207412255
631	0.25203089050816607
632	0.0539059748327293
633	0.30779341411647554
634	0.17216162649851197
635	0.22871987867086663
636	0.2965612836597742
637	0.20042149446220692
638	0.24743707868191955
639	0.05005254977677298
640	0.030344848898185672
641	0.02700746897852735
642	0.15406285884420723
643	0.11705145319953991
644	0.06651204843563852
645	0.08572758149610826
646	0.1513341139367721
647	0.292892811676013
648	0.16642662912723716
649	0.009128255893666948
650	0.09882221430970306
651	0.26123338983346045
652	0.04859803920089245
653	0.29897660051332164
654	0.3327514078565277
655	0.33385302825355656
656	0.2839149715611451
657	0.20542807321548806
658	0.2512497714039166
659	0.06898749826873218
660	0.04606361697004213
661	0.10909870820961465
662	0.05208781853300226
663	0.0015692995530161014
664	0.26440612364697214
665	0.13846500316317045
666	0.08882761086196056
667	0.07575294306147695
668	0.1476808922272459
669	0.006617837512946423
670	0.07637148207676692
671	0.30844479051855744
672	0.1233176289876432
673	0.12763245038338344
674	0.09146348588707598
675	0.10501432236214159
676	0.35852463776399257
677	0.32587210538208966
678	0.19650129001981065
679	0.06247636995841099
680	0.18293649102798115
681	0.03281189661839812
682	0.012094715644329623
683	0.14476711193194958
684	0.14160340944918115
685	0.16371445214963254
686	0.20123134667968334
687	0.1626564466089382
688	0.18983895264790895
689	0.156608506864377
690	0.0
691	0.45316565193549874
692	0.35107050943325935
693	0.12147670001887012
694	0.16207060610819002
695	0.07933411756649233
696	0.2537298077947199
697	0.21856922371003606
698	0.018525471018681294
699	0.11876285452408242
700	0.1521997885138342
701	0.12330009968258415
702	0.1823306970865659
703	0.0926447852487553
704	0.04859418043865671
705	0.11531738081319731
706	0.0991011673834803
707	0.26234859187512316
708	0.029065818505231267
709	0.19749784230500045
710	0.08631639883435183
711	0.14841589597171168
712	0.0
713	0.25560208761390535
714	0.2486843214812271
715	0.0844899055991366
716	0.17880792003087476
717	0.19077393995566472
718	0.01386167685670947
719	0.10081695004822389
720	0.05247674302375094
721	0.041418053223437834
722	0.051737456869349385
723	0.012668537867444263
724	0.10325958360089538
725	0.09946898751176314
726	0.20034845564020354
727	0.05396773620778217
728	0.061853426015572754
729	0.016352459431112853
730	0.08006222375051997
731	0.3799068888514201
732	0.33541683599304917
733	0.07650010438521049
734	0.015140362807623875
735	0.07763231068309051
736	0.0
737	0.07679472888869565
738	0.0
739	0.0
740	0.39448794111746754
741	0.0
742	0.08278183830102348
743	0.06889049546226134
744	0.14924380076364052
745	0.31677488123703723
746	0.06419564999582228
747	0.03531933736578652
748	0.19220873581791809
749	0.20896667361679278
750	0.0811239641235526
751	0.0656375693650062
752	0.06229756958268973
753	0.0970158631362632
754	0.0
755	0.09921145165793077
756	0.16796103002007756
757	0.08107139028928434
758	0.326561554319466
759	0.1373290392708264
760	0.08822153816277356
761	0.12629484824161819
762	0.292326951331243
763	0.26935336875905835
764	0.1659943585471373
765	0.11449002861298596
766	0.09843949159725929
767	0.08078294807046249
768	0.06757706991205281
769	0.09242169974477821
770	0.46150868647668086
771	0.05364114455212543
772	0.16410203859357342
773	0.11830158274099589
774	0.07345196525343312
775	0.0
776	0.1795929975681816
777	0.39280107053632696
778	0.008792388228175962
779	0.28519900256354513
780	0.05722811858208843
781	0.41001881963743103
782	0.09339977107080388
783	0.18801508063561045
784	0.056828753356823025
785	0.06488176165387705
786	0.017528410765292213
787	0.2551060881149674
788	0.12103322541711892
789	0.11591753108856406
790	0.08815506851597488
791	0.04477458231526099
792	0.1421412790052694
793	0.055510106429270456
794	0.09855057074314821
795	0.0695702250893595
796	0.18020458896739422
797	0.18245105177834708
798	0.0790861548863766
799	0.07347994609601582
800	0.11486109845073478
801	0.026184197039430757
802	0.1967789841259706
803	0.39624022148222093
804	0.1510862357276217
805	0.09546945836578247
806	0.1098351966322535
807	0.15710302391585462
808	0.1587350323582355
809	0.04103432839645005
810	0.160145610447737
811	0.20028581053821437
812	0.005690977804441166
813	0.15047248620265852
814	0.1813279207671874
815	0.18511107853746034
816	0.010501699782884621
817	0.08166071936427954
818	0.05453772446392069
819	0.030352490714134372
820	0.040285942490619675
821	0.16010203225412045
822	0.003070883412194858
